# Pariisi - Giverny 2025-06-01
49.0043096612444, 2.576472051759205
49.00347550774475, 2.5589529310077928
49.007221389168315, 2.558324076994538
49.008025635722944, 2.5596693280129372
49.0092420983841, 2.5672037713091806
49.011643662025946, 2.566641397606371
49.01044887526774, 2.5455314757323615
49.00871867456534, 2.5318070050875856
49.01159512150069, 2.52958584762327
49.03321070609754, 2.540068261657216
49.03321110515415, 2.5424611471340537
49.029445606067604, 2.5409074997267047
49.02732002441775, 2.5138713016656045
49.0327998895974, 2.49041228928188
49.044493655464166, 2.477051488614844
49.047547610119416, 2.463412195879514
49.04597042606172, 2.442238835050684
49.046439046219014, 2.438768669705451
49.06486599322437, 2.4093668542259223
49.06846095050312, 2.3848404679120483
49.059855996174534, 2.3536464913724173
49.06345629945151, 2.3300815624638833
49.05655781386916, 2.2896659041335976
49.06250911429057, 2.276621905980443
49.06266559514951, 2.276023593989163
49.06446114273934, 2.2621437791876935
49.07317650608371, 2.2392037285138375
49.072390597371495, 2.2249697551685985
49.06502193751392, 2.2145686236071764
49.05867325122569, 2.2101486519431295
49.05192748100154, 2.1947288862260854
49.05139239798696, 2.1853945207699272
49.05350703965912, 2.1725984073922717
49.04871377156581, 2.1346924020256495
49.04590645340449, 2.130266205437753
49.040654219327564, 2.127276777228456
49.033283139524244, 2.1082661661461004
49.04197499582228, 2.0792004060231526
49.05294179625071, 2.0626790396360657
49.05593871229362, 2.047754846097268
49.06071744283476, 2.0164152767588126
49.05781489196731, 2.0068475876684637
49.066345210919046, 1.9742974529080901
49.069865399053995, 1.9691940679278115
49.07177728193548, 1.9586354491316504
49.083696353098546, 1.9295405630996678
49.086394994074475, 1.91863832008262
49.08684469662339, 1.9171788539952332
49.091173496002355, 1.912112671214671
49.12454808892668, 1.8525510064221615
49.13027769611563, 1.8461137017520515
49.13291805203745, 1.838730564355961
49.13443432885804, 1.8296296581932543
49.147684329293355, 1.7966747495395436
49.149806859614564, 1.7830077436888045
49.151979032728434, 1.7785331870281422
49.14537002467922, 1.7632314532441475
49.14348070057245, 1.7525506644280173
49.1438564062439, 1.741580706747182
49.14735204104613, 1.7307533411959095
49.146597554745554, 1.7184829858797497
49.1479194686867, 1.7116982351336725
49.14990223596094, 1.708233332585998
49.151695450215406, 1.699570864440669
49.150091674572735, 1.6962557971995214
49.14905345587755, 1.6864377907535222
49.144992591126474, 1.6795080180201392
49.14310312465911, 1.6702690853831903
49.13885299745281, 1.6668058924431992
49.129880929253154, 1.6636338509282118
49.11376706245334, 1.6499738730709135
49.110743374797266, 1.648529623453959
49.10394018501508, 1.6358268109753995
49.0989317019691, 1.6303429039877753
49.0921275199074, 1.6252934240501933
49.08437433700707, 1.6121551259493423
49.08550829346884, 1.6101323395935825
49.086453168617695, 1.5998836953961297
49.084845407962455, 1.5942546536475541
49.08531721338059, 1.5889137217537852
49.08021346652785, 1.5762164781957277
49.077378334284084, 1.551959170194152
49.074162162037865, 1.541275844936958
49.07474531614693, 1.532725848708013
49.074248862952814, 1.5281428560376948
49.07479256814395, 1.5251112577726746
49.075950952103625, 1.5232705068691483
49.075714629224855, 1.526049551303672
49.076920385777925, 1.526735224622308
49.077298596886834, 1.5244252993303289
49.076732851130345, 1.5241115328065022

# Giverny - Villers-sur-Mer 2025-06-03
49.076607475671835, 1.5240158556864989
49.07596810228528, 1.5233587830046424
49.077648858920256, 1.520519163596347
49.07896217263427, 1.5184030696276936
49.08236359512236, 1.5150126731351783
49.085047709672644, 1.5123091252992098
49.09069693201234, 1.5037475154082958
49.096865388067236, 1.4925034855696908
49.09658415330173, 1.4911946980785424
49.09689331879963, 1.489349359642187
49.094785839955385, 1.4861950828070383
49.09575529052003, 1.4849720190003568
49.09620478170792, 1.482268241360864
49.09838954400372, 1.476839419826115
49.09685810126696, 1.4752837403560468
49.09622584195724, 1.4750155025269014
49.09358489105168, 1.4726022999944983
49.09271373667921, 1.4720872881789382
49.0924186500937, 1.4705530855779
49.08867829048277, 1.466878526751938
49.085895838142974, 1.4639173725457253
49.08589584214847, 1.4631019977801802
49.08553046563394, 1.462683583808138
49.082540262665425, 1.4638574285698314
49.07717765379396, 1.4644339671707793
49.07688249653327, 1.463983362686848
49.07723388321764, 1.4628997837620705
49.079553342411295, 1.457628506869739
49.07984805144407, 1.4514565790036997
49.075678548550215, 1.4365981828406924
49.07061897378528, 1.427027664675931
49.06367697501517, 1.4222239769628096
49.082612319324774, 1.3817567671692854
49.105938532066276, 1.343786981409052
49.135180308566035, 1.3131241795328266
49.14854148518149, 1.2916244443528366
49.16576989928395, 1.2562085735258857
49.178849142659566, 1.2412050886469173
49.19701837262194, 1.2285985133456419
49.23315892650267, 1.2035910496266051
49.24255230603118, 1.1919558664059247
49.250549527160686, 1.1709259301215122
49.2569525807553, 1.154147735478681
49.27777336045847, 1.1291708200672508
49.28823069732863, 1.1245460297430705
49.305450536873124, 1.116041022203314
49.31910187212816, 1.103910111718311
49.34223775882375, 1.064076050787406
49.3376916082025, 1.0063389685199453
49.339325749269385, 0.9507458787529455
49.350523822467345, 0.894743229474909
49.36250330577487, 0.8554804168608419
49.36961381934012, 0.7690164909624843
49.37331685685168, 0.6604332870678478
49.384515201770895, 0.5950822392906729
49.395411405044904, 0.528476807499021
49.37753307921396, 0.48770283594246316
49.35629033146742, 0.4611198122668803
49.348603630299, 0.4276423072216637
49.33798582603734, 0.3603134752231996
49.31879868803322, 0.31213247145220263
49.303637731458046, 0.2892565942929496
49.3004493653327, 0.261092522844412
49.29724839282318, 0.21211817552407347
49.288969678230075, 0.19861968160614094
49.288969678230075, 0.19861968160614094
49.263696323949056, 0.1545110344928621
49.25327069050846, 0.07609020547545312
49.28949147612211, 0.07779121707035348
49.303625254866084, 0.052084311291004284
49.312161586840716, 0.022273447665862523
49.31882139801678, 0.017784488222810778
49.31589476301455, 0.004708560583282263
49.32362001077998, -0.005912036806022741

# Villers-sur-mer - Cancale 2025-06-03
49.323228641881855, -0.005910665303662823
49.321018664193346, -0.007370456753681722
49.3207388495765, -0.0066838008915168145
49.31906031288975, -0.0068129136803901915
49.31399701468308, -0.011234031808636377
49.31111563808288, -0.014881765156103165
49.30940911974542, -0.015740016732046058
49.309044194049484, -0.016555853441423712
49.30698797849418, -0.02657516171289988
49.30481751711139, -0.025676931552237603
49.30121600784095, -0.02158030791716672
49.2975745285931, -0.014965685379583973
49.29616992118739, -0.013234938141441688
49.29284487020618, -0.010686240849364577
49.28902483415095, -0.006833160171416775
49.283799340657666, -0.0036460525006671413
49.2814434022918, 0.00011626401823863852
49.278841242646784, -0.004430529646191485
49.278109134695086, -0.01016626465165638
49.27543657476261, -0.014809343271589991
49.27216968325942, -0.025733598127090317
49.27024912774262, -0.03210638017737902
49.26733834997653, -0.03863071772280003
49.26563837357577, -0.04022695487604315
49.25833014875839, -0.05223836473301335
49.25619848280941, -0.05772447660978832
49.254682851514964, -0.06476728126501077
49.25403321857831, -0.07239742878274255
49.254098187735075, -0.07289393144551906
49.256563602967354, -0.07702804338130742
49.256397025441096, -0.08238750854465965
49.258395532346185, -0.08948286285249221
49.25778529691144, -0.10399021804637236
49.24606313026375, -0.10316831287504981
49.24316414618464, -0.10173952019914669
49.23065496651607, -0.08643833381366076
49.2297879242845, -0.08159016105462677
49.22842159793772, -0.08225402306676356
49.21619011845624, -0.12896134890795735
49.20905528312292, -0.15080364783056197
49.20165614339672, -0.1748383755052782
49.19390849937069, -0.1866221315143349
49.17607129016225, -0.20456384278608797
49.17243468696083, -0.2105857414379369
49.170574248087114, -0.21567436607244625
49.168505295559385, -0.22562634793861278
49.168171679378005, -0.23404709477931782
49.167220229263435, -0.2922149968966441
49.16808791690455, -0.2961448104600844
49.17009011658265, -0.2984415980905528
49.1699565675194, -0.3006362854766554
49.14986658229545, -0.3188510017908255
49.14706293566253, -0.32497595063645046
49.145694132115786, -0.3390616379932508
49.14763047120124, -0.3512070834816933
49.14709641043557, -0.35774042263343414
49.14465905302628, -0.361925549426723
49.13798823627282, -0.3688426997850022
49.136351973466176, -0.3725175874517524
49.13739888312901, -0.3917481481102167
49.157871306276164, -0.425519822467622
49.16108144313618, -0.4277568645842676
49.16386616289427, -0.4279732179849174
49.16499930124151, -0.43266530566689315
49.16300459212862, -0.4457218915167625
49.15253136635457, -0.500510666441408
49.151010782222784, -0.503946858789699
49.14728117973277, -0.5108764225158241
49.14435362355296, -0.5201146000209946
49.143247272395854, -0.5343863065968595
49.13160349718581, -0.5661789303301995
49.12046121078359, -0.5751556805092245
49.10366654205292, -0.6106952823294923
49.096112408899, -0.6205173339130723
49.08969311173919, -0.6355295263237133
49.075144213934564, -0.6441943657243665
49.074766098461794, -0.6436176028556166
49.06872143345881, -0.658331695959655
49.06569823343036, -0.6799646476862765
49.05943591649394, -0.6964399336850124
49.050362503177766, -0.7192378677212247
49.04845858025838, -0.7775176545492913
49.03483558286128, -0.8191088300050258
49.01552586236722, -0.8529025480296683
49.01476944179023, -0.8736872375775652
49.010792363510035, -0.8855262203784021
49.00719207442652, -0.9022717207650472
48.99279310080112, -0.921604618440036
48.948874737478505, -1.0162804653231816
48.94754550822408, -1.0367733392674785
48.93464308994266, -1.0708185533058254
48.92611342370048, -1.075721309681752
48.87867386862851, -1.1542695960476865
48.85910912842317, -1.2082584888366565
48.85669267417974, -1.2222627749952797
48.846850479539086, -1.24637302041045
48.84210573207331, -1.2497237600583553
48.83696437513748, -1.248009816051918
48.83131412089272, -1.2448374189596567
48.827303131711695, -1.245354723135515
48.79670077226117, -1.264445270233617
48.786691589309285, -1.265382389998391
48.769158320943994, -1.2774027567412765
48.765980856847065, -1.2778012980180269
48.75144045018879, -1.2792626573912906
48.74632115856787, -1.2828611063083821
48.73873785307156, -1.2937607944961929
48.73008903014887, -1.2973587287509065
48.72686171562754, -1.3018219347235527
48.72453967752088, -1.3108335869972005
48.72301052608676, -1.3142662005778991
48.717235807396044, -1.3201038428482348
48.70409507345596, -1.339166600538356
48.69961998250211, -1.3478351909961612
48.69457808030635, -1.353584368197536
48.69277423138018, -1.3565953308245198
48.68852416165873, -1.3724724815882121
48.68484117930675, -1.3749601417591544
48.681780986601375, -1.37341626050666
48.67558441583938, -1.3719308984776155
48.67020048727087, -1.3728737168235368
48.65982649568368, -1.3640552046889973
48.656481589382224, -1.357188393688545
48.64213620449259, -1.342687168526791
48.639355488898595, -1.341307577371128
48.63147082708905, -1.3414817079319359
48.62126032849531, -1.358562601536881
48.61536059656912, -1.3654283365714985
48.561175983825855, -1.4851703491826485
48.56106401485299, -1.4965878027138564
48.56259853269619, -1.510151165188141
48.5616292625247, -1.5325479021172217
48.56367777605239, -1.5554683678266357
48.56697824387732, -1.5751013965225098
48.563398139315865, -1.6236508283143936
48.563082527945106, -1.6692883027961452
48.56114195050169, -1.687254734677209
48.55569134371998, -1.7265838490431404
48.55296578106463, -1.760901142786142
48.55614073594484, -1.7677395542508512
48.569270346783085, -1.7889246641971908
48.58865582516654, -1.8450784105742173
48.59734998516734, -1.8440144604746724
48.60025627448581, -1.8445448375123135
48.604903602052076, -1.8451396291960802
48.606191863545575, -1.8446710933915835
48.609675849359846, -1.8430099886765872
48.61233412673839, -1.842757016006708
48.614027991458734, -1.8413851409810795
48.61457695512423, -1.8430090378059292
48.62357924896187, -1.8564721834791291
48.6298759751781, -1.8626794228016361
48.638056480456214, -1.8689945915088015
48.64408939761792, -1.8820227970361023
48.64451857983463, -1.884332622307009
48.64673593504586, -1.88361074692634
48.64847664242769, -1.8811927553313414
48.650837200041096, -1.8754900995416175
48.65886639859591, -1.8692149805537759
48.65848367066401, -1.8680261100975741
48.659191405176344, -1.8654231129922396
48.660438707031034, -1.8651166162857975
48.66212437606829, -1.8660860030968875
48.664180655192645, -1.8645032696838646
48.66627076230735, -1.8640944069473528
48.66822587089685, -1.8621030800394696
48.66883187654807, -1.8610327258340076
48.66933710202114, -1.857663743106589
48.670988468395365, -1.8550598618543315
48.67104319443171, -1.8542433625817727

# Cancale - Pointe du Grouin 2025-06-04
48.67110606782758, -1.8539330268846443
48.67151114308722, -1.8528323690198463
48.673417584704694, -1.8531208939402288
48.67574099165799, -1.85180342126491
48.67847499543002, -1.8601754967143231
48.68514508006672, -1.8547515806553103
48.69053569147763, -1.848192969291531
48.691900265335946, -1.848447980983842
48.69415726087431, -1.8520975517260176
48.69533640496361, -1.8526333907541175
48.69995115180685, -1.8525313742612874
48.70395554585183, -1.8507456033917915
48.70499956153027, -1.8488318231944239
48.70576430505498, -1.8472089817653654

# Pointe du Grouin - Saint Malo 2025-06-04
48.705737951527915, -1.8472721995993364
48.70611997055192, -1.8469846480874546
48.70592300528629, -1.8456194568719677
48.70631907848537, -1.8452378330343042
48.70659896537946, -1.8449732849036453
48.70690204394954, -1.8445151670327375
48.70704073732954, -1.844383953030614
48.70766239730201, -1.8445524231599735
48.708066445281055, -1.844052015426976
48.70844187162796, -1.844145109391617
48.708824783441685, -1.8439956608709447
48.70911320528527, -1.8441666416971463
48.709150609181094, -1.8435999661200886
48.7097112529251, -1.843358143928929
48.710133321703246, -1.843928479678171
48.71027682577419, -1.844032839393768
48.71041292916695, -1.8440629093554919
48.71052170171143, -1.844231382364369
48.71042126083577, -1.8444837508650127
48.71073134238161, -1.844389681662821
48.710942991680476, -1.8444644975017384
48.71132083998098, -1.8443160279807604
48.71161929605484, -1.8443436265157804
48.71185034346785, -1.8444004132443177
48.711844357778006, -1.844476652382324
48.71164246406651, -1.8446136576532215
48.71144032937704, -1.844670462825215
48.711411213675746, -1.8445666163146914
48.711424797282085, -1.8444176970750288
48.711312434080014, -1.844323992256725
48.710940056951905, -1.8444695245469402
48.71078226355651, -1.8444384234715598
48.71079329272647, -1.8447494251240941
48.71032961916116, -1.8448967291137692
48.70987084854661, -1.8449425693800001
48.70973800777227, -1.8448747105287058
48.70962774541918, -1.8449176096220483
48.7096484975399, -1.845195740670586
48.70957212471585, -1.8451079870655132
48.70903942739762, -1.8453479134586817
48.70804418556056, -1.8460750699939412
48.70703344749845, -1.8468677250310541
48.70601631853101, -1.8473877603271933
48.70571271567114, -1.8472887731379666

# Saint Malo - Cancale 2025-06-04
48.70564681434199, -1.8473849226432548
48.70476961696557, -1.847975071064182
48.70499429378059, -1.848516378107486
48.70519558495359, -1.8486081000995183
48.70524771870911, -1.848883252418888
48.705180865991366, -1.8491314610096736
48.7054947135185, -1.8517830877816328
48.70534656813653, -1.8531818807801714
48.70484812242519, -1.8542526951784992
48.70125418768975, -1.8595604184271233
48.700361538955825, -1.8601368976530508
48.69583635196829, -1.8604819534324484
48.69508522665589, -1.8609599013122606
48.69467574267906, -1.861476171994116
48.69223403318027, -1.8702349224712256
48.6914429899374, -1.8725158691280284
48.68950536794812, -1.8761294974788991
48.68913336401882, -1.8773486193052462
48.68959809122788, -1.8807909643236067
48.69049904211373, -1.8819317322678555
48.69157495965984, -1.8823887827070949
48.692818913642654, -1.8830503463434374
48.69357740930921, -1.8846203143992577
48.69413922863001, -1.8873344631479518
48.69326058555142, -1.8884727055452735
48.69314223005662, -1.8890871236329687
48.693323986830436, -1.88943222477913
48.693955722006365, -1.8899021026324927
48.69464995144855, -1.890918199996276
48.6948503037168, -1.8919951108980992
48.69475334594509, -1.892679072194305
48.694604637203696, -1.8932021845544118
48.69466516203032, -1.893251748756808
48.69475334650862, -1.8931792693512692
48.69496547817426, -1.8926898092619446
48.694983213336094, -1.8926667580839553
48.694783591571706, -1.893118175276292
48.69467272997364, -1.8932593582438426
48.694599630889805, -1.8932326909252637
48.693848816508925, -1.894167049881413
48.69330617313899, -1.8946584249663727
48.69253470791509, -1.8956758066267694
48.69170867991853, -1.897415599235096
48.690682066805245, -1.9002134838579117
48.68998400945046, -1.9035111895852967
48.689415454992805, -1.9048516786522531
48.68827024726725, -1.9067910741490042
48.68780183229067, -1.9092034951025494
48.68792224702682, -1.9117797447643217
48.68854752058284, -1.9134799503876263
48.688787963659436, -1.9178194557267005
48.689308773267385, -1.920459623024967
48.68912787911052, -1.9292602028252601
48.68978860580581, -1.932416555389334
48.685301910209304, -1.9366945675288922
48.682016383728225, -1.9349644648473292
48.681275166398486, -1.9338113217017079
48.68051383496616, -1.9343574352780222
48.678429967501174, -1.9436128897112568
48.68033323635178, -1.9452213813145722
48.681735494091704, -1.9480437531050088
48.68193564143952, -1.9501376856965151
48.67989262110034, -1.955448114790936
48.679491903262075, -1.960971073006125
48.681375226633264, -1.963975524126634
48.68117508403051, -1.9677684457325908
48.68185635208486, -1.9680719158494684
48.68015289004909, -1.977176149593338
48.67850969384781, -1.978966322703026
48.67834939322213, -1.9789966363871578
48.676245428512765, -1.979572772441367
48.67066023088206, -1.9828947519211164
48.667934587588526, -1.9841387048096157
48.66572981998736, -1.9879012288730475
48.662783863620625, -1.9885388331408438
48.65735197181589, -1.9966714410519362
48.656209251754184, -2.0028316504910135
48.65352318376594, -2.0116925974430906
48.65254084164633, -2.014818144177243
48.64911268803471, -2.023557538333966
48.64642607632966, -2.0234666203082217
48.64614533048578, -2.0247714247652606

# Cancale - Dinan 2025-06-05
48.64614533048578, -2.0247714247652606
48.64604294480174, -2.023465168863165
48.64468386878318, -2.023086320049559
48.64345589604303, -2.0222742760985697
48.642180238445555, -2.0203977216905846
48.64080913771975, -2.0170056686131557
48.639564133453, -2.015416879991239
48.64033433153319, -2.0019131984524248
48.64213473271865, -1.9939378034423736
48.64276654067861, -1.9914837392326314
48.642802207206344, -1.9896973385388796
48.64236104039699, -1.9893365208078788
48.6421051973652, -1.9895509375510765
48.64202092693122, -1.990367525762729
48.643867237721, -1.9904183835036386
48.64535934145693, -1.9898188353766662
48.64740302944041, -1.986762129802547
48.65040951752885, -1.9725342656043643
48.65291263110675, -1.9687796343847062
48.65546407510179, -1.9673754072447633
48.658134938028304, -1.966629204502278
48.657560377026755, -1.9584118010685334
48.654322380907686, -1.952594906881731
48.652673705212614, -1.9411122385905617
48.65351600417467, -1.936314232386097
48.652579851796, -1.9200235433928252
48.65003286551214, -1.9123463764791524
48.649612479539186, -1.9067476238568963
48.64780905000304, -1.903787739297848
48.645639275920445, -1.8963011159395915
48.64469515167768, -1.8852010325210016
48.64744316875079, -1.882980700438777
48.64840405309972, -1.8811176867242438
48.649988989714494, -1.876703543771886
48.651573604323225, -1.8746619846601857
48.65895672171198, -1.8691757254738686
48.65841725542301, -1.8677978245438598
48.658467755186074, -1.866853647560152
48.659377838296145, -1.8652968491794912
48.66017003948799, -1.8650670108269742
48.66160158732359, -1.8659912017183087
48.66254863988399, -1.8659153243006015
48.664011761258635, -1.8644284039292083
48.666031009202, -1.8640339353342683
48.66776961452162, -1.8628353120987886
48.668736569104595, -1.861052430154478
48.66887680762755, -1.859421279387678
48.669281004664334, -1.857678920493894
48.67071386671645, -1.8553877891130437
48.67068380078564, -1.8550615681056135
48.67100943197102, -1.8540601176524307
48.67109459687404, -1.853832511933266

# Cancale - Dinan 2025-06-05
48.67109459687404, -1.853832511933266
48.671176808950285, -1.8532900687450862
48.67112627028764, -1.8543682020777557
48.67078850456453, -1.8553124273566777
48.66928371271419, -1.8577103939587893
48.66887288245787, -1.8593869936787908
48.66873258199397, -1.861071172951614
48.66824159861074, -1.862171218724646
48.66826163496368, -1.8639085024037514
48.66815639879297, -1.8652740509874728
48.669098274405506, -1.866768653811994
48.670130383789775, -1.8661010694811513
48.669679499390696, -1.8647430428434046
48.667465961239536, -1.8653052728798667
48.66519081555401, -1.8651903760944162
48.660891412031, -1.8670847996880227
48.65813558897107, -1.869815204530714
48.650195942740524, -1.8760288153986266
48.647178281705024, -1.8847046813827435
48.64448061745531, -1.8886856189959513
48.64355328809772, -1.8889662834377456
48.64331717116487, -1.891569051495576
48.64161412952395, -1.8941460923447715
48.63635331823913, -1.8967237743872616
48.62869034570567, -1.9041013836055842
48.617338025421375, -1.905858124600711
48.61179138492209, -1.9036924045100516
48.608293999806584, -1.900541715996981
48.60454518306853, -1.9014448810398694
48.6024985430918, -1.9002309103571855
48.59366820869002, -1.9037510781372948
48.58969437591724, -1.9047823288392074
48.58486502202717, -1.9093988288896238
48.58004668406402, -1.916802589044722
48.57735646716728, -1.9186833433329138
48.57322053765723, -1.9177133090848315
48.56595186195801, -1.9217780200442045
48.56526902833427, -1.9247537190065207
48.54491306268737, -1.9225687908561373
48.54491197560847, -1.9391972301672538
48.54045283218368, -1.9604403373289074
48.53643397179693, -1.976097017974391
48.53718469976593, -1.9952837094496703
48.53485516136122, -2.0123987348248806
48.531639583960775, -2.0247177537524714
48.52681644622968, -2.033944036257467
48.52211337188596, -2.037826961367685
48.509910226799995, -2.039564538546243
48.50355615211386, -2.0391380432177604
48.48240125106726, -2.0423535701106976
48.475198823478884, -2.047148552319356
48.46876079300118, -2.060379377450296
48.46515611230362, -2.0586417151254155
48.46053673159145, -2.057876195448574
48.457795996993866, -2.0541895267281713
48.45737291950289, -2.052735009654469
48.45696587342481, -2.052317734543263
48.45646274986709, -2.054312987450631
48.4565633723485, -2.0546392080464027
48.45635707573821, -2.0556709626097507

# Dinan - Perros-Guirec 2026-06-05
48.45641242065311, -2.0556178596292747
48.45599478000571, -2.057347551754458
48.4564124401162, -2.0536377916857225
48.45663381283123, -2.052659134773589
48.45660865099333, -2.0520749750744733
48.45737340928511, -2.0527046419477184
48.45787147428773, -2.0543660868310605
48.465179581883525, -2.058684507451101
48.46930801498606, -2.060394234979784
48.46677000095126, -2.063150165733561
48.44683737699345, -2.096856610660443
48.43715922858134, -2.1442002253576544
48.42767824814889, -2.174199990884598
48.42508875949601, -2.216441575986194
48.427515806549735, -2.232568274267665
48.41629823467673, -2.3173004815693057
48.408439475597575, -2.3389484440674675
48.413854799389306, -2.382648978194955
48.410727802857345, -2.4049052572247804
48.404893489684305, -2.4151078001960458
48.418179202440925, -2.4396051856647376
48.421019219098376, -2.4500237913602225
48.44119308637705, -2.47763666606422
48.45367996763325, -2.4883751983564175
48.460564952636, -2.5365494943064135
48.47367793670193, -2.5610698416332855
48.48129163846055, -2.644955789178779
48.47925898939247, -2.664958408801163
48.48613604337815, -2.7157963207200235
48.49718442696507, -2.7241286475648536
48.512196201327214, -2.7424965563352997
48.54107434296221, -2.764633808900525
48.54516434377678, -2.772877167737715
48.544922381546364, -2.828839095161216
48.523335557104254, -2.874134561967751
48.52491834521226, -2.890268489114609
48.53175499317881, -2.9256417451533427
48.52982335238001, -2.9855537689684803
48.53640197645509, -3.0222883914974017
48.53584813074929, -3.0501013409383817
48.5527486639642, -3.123079085941781
48.549254244549985, -3.1654587289502225
48.56278206647234, -3.1888036147452183
48.56505535556997, -3.199450154445214
48.565283114610985, -3.20482678760539
48.57244946450009, -3.211901468584334
48.58753579762578, -3.2540530185968235
48.59565386339147, -3.259537341739222
48.60100238244667, -3.26935609661409
48.61331042911375, -3.279319309626483
48.61808418010168, -3.295341239380281
48.618084328985375, -3.306168234839361
48.62485884050212, -3.3197404863825133
48.652713242303115, -3.3315773261963875
48.668255721434925, -3.349925019975262
48.68093527019789, -3.3568382079637544
48.70819034644964, -3.3818256360418855
48.71666343860651, -3.402600562264724
48.72399839535041, -3.4316177344089005
48.7400777460431, -3.440331616972848
48.75131963641233, -3.4495202788547377
48.76073943876922, -3.4469677593696906
48.76625733715659, -3.4491117545663545
48.77332308813618, -3.4455384407376397
48.78650441926515, -3.4481910888184735
48.790606661202474, -3.442063997964327
48.79766932893892, -3.4411420478270562
48.80176751837163, -3.4438013066635835
48.801809599048084, -3.443554895121569
48.80372835990731, -3.4432508404797315
48.807966643223175, -3.4453138252431676
48.81428241369582, -3.444220486082541
48.81521611582012, -3.4471270494780786

# Perros-Guirec (kävely) 2025-06-06
48.815392, -3.447288
48.815683, -3.447096
48.816081, -3.446313
48.816474, -3.446293
48.816349, -3.446245
48.816372, -3.446093
48.816276, -3.445906
48.816583, -3.445147
48.817026, -3.445113
48.81757, -3.444846
48.817606, -3.44489
48.817853, -3.444703
48.817958, -3.444856
48.817826, -3.444681
48.817899, -3.444512
48.817949, -3.444677
48.81805, -3.44308
48.818379, -3.442325
48.818437, -3.442416
48.818429, -3.442342
48.818568, -3.442324
48.818593, -3.442017
48.819057, -3.441527
48.819086, -3.441329
48.819227, -3.441146
48.81933, -3.440619
48.819264, -3.43964
48.819286, -3.43901
48.819371, -3.438802
48.819294, -3.438885
48.819315, -3.438659
48.819439, -3.438185
48.819557, -3.438313
48.819548, -3.438381
48.819448, -3.438351
48.819408, -3.43796
48.819651, -3.43704
48.819852, -3.43661
48.81993, -3.436616
48.819779, -3.436506
48.819548, -3.435881
48.818972, -3.435133
48.81852, -3.433945
48.818464, -3.433614
48.818562, -3.433118
48.818612, -3.433138
48.818601, -3.432604
48.818963, -3.43163
48.819144, -3.430593
48.819089, -3.430348
48.818997, -3.430756
48.818911, -3.430807
48.819051, -3.430023
48.819208, -3.429701
48.819698, -3.429186
48.820148, -3.428979
48.820541, -3.428393
48.820555, -3.428068
48.820425, -3.427989
48.82034, -3.428026
48.819932, -3.427425
48.819549, -3.42717
48.819181, -3.42717
48.819007, -3.427025
48.81816, -3.426979
48.817965, -3.426779
48.817766, -3.42678
48.817656, -3.426916
48.81751, -3.426869
48.817246, -3.42707
48.817156, -3.427006
48.816897, -3.427421
48.816815, -3.428189
48.816728, -3.428344
48.81683, -3.428829
48.816797, -3.429031
48.81704, -3.4296
48.817162, -3.430487
48.817233, -3.430526
48.817073, -3.430714
48.816931, -3.430703
48.816611, -3.430882
48.816142, -3.430944
48.815743, -3.431145
48.815751, -3.43233
48.815622, -3.43288
48.815636, -3.433324
48.815747, -3.433527
48.815675, -3.433704
48.815964, -3.43416
48.815915, -3.434576
48.81581, -3.434662
48.81538, -3.434682
48.814384, -3.435398
48.814032, -3.43551
48.814032, -3.435438
48.813613, -3.435405
48.813572, -3.435799
48.813398, -3.435693
48.813156, -3.435751
48.813349, -3.437251
48.813741, -3.438047
48.813922, -3.438618
48.81392, -3.439466
48.813805, -3.440492
48.814044, -3.441093
48.81416, -3.441654
48.814328, -3.441972
48.81433, -3.442042
48.813988, -3.442021
48.813802, -3.442372
48.813953, -3.442738
48.813919, -3.443416
48.814237, -3.444029
48.814209, -3.44437
48.814349, -3.44443
48.814642, -3.445
48.814706, -3.445419
48.815112, -3.446209
48.815128, -3.446328
48.815036, -3.446306
48.815165, -3.446569
48.815048, -3.44659
48.814947, -3.446457
48.814953, -3.446556

# Perros-Guirec - Menhir de Saint-Uzec 2026-06-07
48.81521670945279, -3.4471426581019697
48.81567880070317, -3.4486928747400705
48.81600226108116, -3.449107551636468
48.81535951915547, -3.4503005034575374
48.81482183667088, -3.454721391126957
48.81588648420356, -3.458181737134196
48.814311167659206, -3.4593236164396277
48.81398771285748, -3.4604081300866105
48.813634272383034, -3.460818726875105
48.81481323662293, -3.464278015517572
48.813794137445456, -3.4704687646877264
48.814433523671774, -3.4732303536358327
48.812135351908566, -3.474929479589997
48.80886313238909, -3.4753043519037528
48.80103363943887, -3.473489161734283
48.7974122981153, -3.482006650103704
48.79573314256809, -3.484039777644884
48.79209958608137, -3.484519932505516
48.786281950859575, -3.492379393635808
48.78876094041949, -3.4949283872414267
48.79323914324153, -3.496324677860001
48.797692875372604, -3.5012320996640804
48.79842760843783, -3.502991477812269
48.79875280420562, -3.50550204894563
48.80446282398728, -3.5184196637477254
48.80491504954416, -3.521080568839483
48.80374198016744, -3.5211019481359505
48.80317669400198, -3.522668273542425
48.79678814902031, -3.5225824554761744
48.79613796540754, -3.523011607721817
48.79411660492004, -3.521466725358018
48.79292916936947, -3.5216168852083243
48.78868138321367, -3.5201468405540957
48.787324223166046, -3.5206833244645193
48.785302453337025, -3.5188808855867784
48.78422797371819, -3.5189882504890164
48.78251732864712, -3.5210267192750577
48.78090559220107, -3.5285930242227797
48.782648400679456, -3.530580882138236
48.78414733986233, -3.534421820791368
48.78775520449699, -3.544279356646118
48.787840084113284, -3.546232034425669
48.78743009973697, -3.5504163338800776
48.78771283947469, -3.5510600845487947
48.78800972436379, -3.551274681272203
48.788999358474896, -3.5512532790539915
48.78964967921964, -3.5517039525508807
48.78895696771693, -3.5500086816359193
48.788617615561876, -3.544751368347762

# Menhir de Saint-Uzec - Ile Grande 2025-06-07
48.788581967834766, -3.5449049059096795
48.78895305938522, -3.5501298628087024
48.789709376377736, -3.5516909323435533
48.79038219721613, -3.552682080356258
48.790481137205354, -3.5539803108672268
48.79123744750735, -3.555074644794559
48.79127984179307, -3.556941355296665
48.79181700423177, -3.5590549493815
48.79466602159518, -3.5616732063109233
48.79517717855663, -3.5639287388101426
48.79578340509791, -3.564939239917191
48.79703134430381, -3.5686921501352047
48.798968756876334, -3.572445346123923
48.79996716968335, -3.5732573492933644
48.80018946128813, -3.5740786397085436
48.80044319114554, -3.5746885598784197
48.80032486655632, -3.577466563771766
48.80127889544589, -3.5778903501794326
48.80271579289555, -3.5806312897939163
48.80289174805026, -3.581191106026752
48.80267035667078, -3.5814228452080936

# Ile Grande - Ploumanac'h 2025-06-07
48.80267035667078, -3.5814228452080936
48.80289174805026, -3.581191106026752
48.80271579289555, -3.5806312897939163
48.80127889544589, -3.5778903501794326
48.80032486655632, -3.577466563771766
48.80044319114554, -3.5746885598784197
48.80018946128813, -3.5740786397085436
48.79996716968335, -3.5732573492933644
48.798968756876334, -3.572445346123923
48.79703134430381, -3.5686921501352047
48.79578761149975, -3.564988115304749
48.79507526730235, -3.5636321928729378
48.794608770706176, -3.561604437878566
48.79167560818445, -3.558911511009188
48.79122318173719, -3.5550276229340936
48.791901648769375, -3.552785161670459
48.79415794199759, -3.550745521010976
48.796994662426926, -3.542880373821322
48.800121513515165, -3.538764112626931
48.80227257643295, -3.534374216841278
48.80625642551056, -3.533584229197485
48.808424463500835, -3.5339923109354916
48.81551155571627, -3.5253222524049757
48.81757827243366, -3.5196827251211418
48.819577677836115, -3.5172069882241392
48.82201124536537, -3.5181501193854685
48.82419520433874, -3.518251890125343
48.82726945244033, -3.51710312033331
48.82767257432584, -3.516158851936368
48.82705116819598, -3.5120247898126737
48.82501850787568, -3.508580027260829
48.82469915555805, -3.5065385163873812
48.82322035911404, -3.503119248984852
48.82568394126727, -3.4911048654385097
48.82493665203913, -3.4877181736128007
48.823491080410285, -3.484516786935862
48.82400697827103, -3.4796793420046686
48.82598484802744, -3.48140916365116
48.827653062952756, -3.4833967267113453
48.830749477788814, -3.484838139506257
48.830762511429675, -3.4851105456205733
48.830958527962764, -3.485345723893552
48.83099972848934, -3.4859393642926695
48.831275646946686, -3.486176438162552
48.8317663038612, -3.4860778122703744
48.83208216941409, -3.4861252286877784
48.83217830013204, -3.4856434856292884
48.831914892496265, -3.485091079473149
48.83174634682229, -3.485121424965084
48.83159638043351, -3.4834872745837973
48.83170999606325, -3.4831989908917076
48.83158888969355, -3.482630009091399
48.83139412312039, -3.4823815572225336
48.83154894101086, -3.4822734467503835
48.83211450382784, -3.4822772409751637
48.83259867384365, -3.481010969632529
48.8331242742828, -3.4807568235191093
48.83398917655144, -3.480584056007869
48.834836632820505, -3.4805518672760565
48.83543338014388, -3.480149518899944

# Ploumanac'h - Perros-Guirec 2025-06-07
48.83543338014388, -3.480149518899944
48.83576930264111, -3.48024110115291
48.8357375256979, -3.48058442387762
48.832663918389386, -3.480918398726383
48.831894134216725, -3.4828173780424683
48.831872941291785, -3.4835683782294287
48.831710512123585, -3.4831285040072264
48.8314068102424, -3.482431153232293
48.83091949951241, -3.482570626327761
48.83076410936165, -3.4833109173820183
48.830686420507895, -3.4848022230122333
48.828496953827134, -3.483868816151317
48.8273951256027, -3.4830963435983193
48.8239993488424, -3.4796198773747844
48.824432042112726, -3.4770016083420394
48.826817618736506, -3.4733011430106377
48.826531959103605, -3.4723314253541435
48.815228900535175, -3.46889271807076
48.814455817139425, -3.468229361183707
48.81398512276309, -3.4665961808678363
48.814018474514235, -3.464299332992346
48.813060503690565, -3.463610587308194
48.8119345815028, -3.463687507181348
48.81032220793724, -3.4632796700498654
48.81032220793724, -3.4632796700498654
48.81054058690675, -3.4617740261417755
48.81164971599153, -3.4613400103592813
48.81272491290964, -3.4571544775975953
48.81326313322879, -3.450469568104703
48.81498006905232, -3.4462894658896235
48.815212735625366, -3.4471353305743864

# Perros-Guirec - Pont-Aven 2025-06-08
48.81521611582012, -3.4471270494780786
48.81428241369582, -3.444220486082541
48.807966643223175, -3.4453138252431676
48.80372835990731, -3.4432508404797315
48.801809599048084, -3.443554895121569
48.80176751837163, -3.4438013066635835
48.79766932893892, -3.4411420478270562
48.790606661202474, -3.442063997964327
48.78650441926515, -3.4481910888184735
48.77332308813618, -3.4455384407376397
48.76625733715659, -3.4491117545663545
48.76073943876922, -3.4469677593696906
48.75131963641233, -3.4495202788547377
48.7400777460431, -3.440331616972848
48.72399839535041, -3.4316177344089005
48.71666343860651, -3.402600562264724
48.70819034644964, -3.3818256360418855
48.68093527019789, -3.3568382079637544
48.668255721434925, -3.349925019975262
48.652713242303115, -3.3315773261963875
48.62485884050212, -3.3197404863825133
48.618084328985375, -3.306168234839361
48.61808418010168, -3.295341239380281
48.61331042911375, -3.279319309626483
48.60100238244667, -3.26935609661409
48.59565386339147, -3.259537341739222
48.58753579762578, -3.2540530185968235
48.57244946450009, -3.211901468584334
48.565283114610985, -3.20482678760539
48.56505535556997, -3.199450154445214
48.56278206647234, -3.1888036147452183
48.55159783686605, -3.16942834607675
48.54982219394751, -3.1663169869670575
48.549502601270795, -3.1663384695276293
48.546987105402096, -3.1679555479121175
48.54591462785231, -3.1704553793191015
48.54551687804245, -3.1735237934901384
48.53941603452563, -3.1771914172822187
48.53347928196336, -3.192568626927698
48.53271214188437, -3.20359761124413
48.53013913827319, -3.210555814992862
48.52682081874902, -3.225353257481849
48.523723545625884, -3.2312766354898
48.519952053092204, -3.23471070641631
48.51710994105557, -3.240462419602171
48.51000932699906, -3.2453016714612635
48.50368239582375, -3.2554411588541945
48.49998321740651, -3.2594602940393713
48.48539407750224, -3.2832157161646798
48.47714488340282, -3.295403794020302
48.47432100909315, -3.305984422055593
48.466923354370756, -3.3174005784408718
48.45864225052024, -3.342766378631574
48.45192601442738, -3.356243365782083
48.4486255422234, -3.3678528768123424
48.441623212820176, -3.376009728500968
48.436612735167074, -3.377040786293222
48.41964089935425, -3.3889709922960063
48.39417255039276, -3.424761807047389
48.3935448519339, -3.4333451007149747
48.38949784043732, -3.4437309629130914
48.382887609218194, -3.451713497815318
48.37925403344043, -3.4719060292022452
48.37189932682976, -3.4794584289162556
48.36867777350123, -3.4759401041207107
48.36517624119541, -3.4786028325801976
48.353434670910524, -3.480553438296628
48.34612344113671, -3.487515069597096
48.33756823206289, -3.50168105895978
48.328406174771395, -3.5067159047516268
48.31996060871319, -3.514098413781926
48.31687849420191, -3.5289447625640555
48.300023208930845, -3.5411088461943288
48.29808211038701, -3.552609919674392
48.28982934573033, -3.5567560462490606
48.284403143546314, -3.5621638115983307
48.279548205356924, -3.5613051958932043
48.27743474211147, -3.5644805315493673
48.27714930964942, -3.5595886161580963
48.275035969408535, -3.558043829817465
48.27177949637466, -3.571430841543168
48.25612413072948, -3.563450621389705
48.25135071254647, -3.5585961378114277
48.236890240508, -3.552929919227482
48.221954796679924, -3.5601898617164953
48.21709316885094, -3.5566709369559724
48.20080131855445, -3.5550720827511575
48.193307301487714, -3.562367277564997
48.191280668343246, -3.563571607123038
48.1903654524021, -3.5688071664630074
48.181668005846205, -3.5615135875443813
48.17487652896736, -3.570157884081822
48.16989785053201, -3.5778855085708225
48.15701650624721, -3.578487693593524
48.15455639778808, -3.594537323187356
48.15146480718115, -3.599343272451738
48.14905832906182, -3.6083563469483653
48.14562306118547, -3.612648188701435
48.140984902756024, -3.6302402784202963
48.12724620423455, -3.630853094460364
48.11727525054727, -3.626823936045194
48.11074310152209, -3.6285394009421106
48.102261138765336, -3.627513806001931
48.097390074102094, -3.6333491862021092
48.08636562888556, -3.6375414179145587
48.08189580858747, -3.6528183617835013
48.07294503496402, -3.6621427805808215
48.06675098299299, -3.6621459113774018
48.05487635111278, -3.6686655509414035
48.040305709745816, -3.6796569201338043
48.024059425435816, -3.6857431667138605
48.024865274855905, -3.696559100977622
48.020158621407724, -3.720508382555878
47.99887954387591, -3.720134766527318
47.994630144195334, -3.7168151253459816
47.99018746518998, -3.718835389314246
47.97656298538629, -3.7081546638654928
47.96767438888479, -3.7101751441535
47.93277376974062, -3.708300278997682
47.92764485675997, -3.705269398633074
47.92713658990774, -3.7061699024776886
47.92740256699048, -3.706891600947914
47.92629029556848, -3.7080102109974673
47.92467001488, -3.708262838760749
47.92225169614813, -3.7096342275954517
47.91538317478532, -3.7095259571927084
47.91141654812115, -3.71086116543068
47.90248989230091, -3.7019118447414994
47.897094661047596, -3.6999635155809703
47.89002918610271, -3.7011177788469967
47.88499568203449, -3.700576676591666
47.879211473944856, -3.698375041922255
47.87244274939874, -3.6996429067501815
47.866996358685114, -3.70509242819691
47.86476872356098, -3.7119126532148816
47.8624688440515, -3.713969847885769
47.861935601271, -3.72338875658311
47.860943553473405, -3.7310751950193985
47.861694156930014, -3.7332763507956774
47.8615247058742, -3.7346476063791427
47.8599752280817, -3.735369329715922
47.859804707074524, -3.741287836633606
47.85866713194739, -3.744752412050357
47.857117506466935, -3.7442114526456054
47.85609196666781, -3.746195414108634
47.855616848313964, -3.746731861231611
47.85534329918238, -3.7477403495486104
47.85547288007093, -3.748298232601731
47.85629788261006, -3.7479134519650135
47.85637657816324, -3.746939100404357
47.85685480549325, -3.746569198613847
47.85703435153665, -3.746269055469368

# Point-Aven - Carnac 2025-06-08
47.85703435153665, -3.746269055469368
47.85685480549325, -3.746569198613847
47.85637657816324, -3.746939100404357
47.85629788261006, -3.7479134519650135
47.85547288007093, -3.748298232601731
47.85534329918238, -3.7477403495486104
47.855616848313964, -3.746731861231611
47.85609196666781, -3.746195414108634
47.857117506466935, -3.7442114526456054
47.85866713194739, -3.744752412050357
47.859804707074524, -3.741287836633606
47.8599752280817, -3.735369329715922
47.8615247058742, -3.7346476063791427
47.861694156930014, -3.7332763507956774
47.860943553473405, -3.7310751950193985
47.861935601271, -3.72338875658311
47.8624688440515, -3.713969847885769
47.86476872356098, -3.7119126532148816
47.866996358685114, -3.70509242819691
47.87244274939874, -3.6996429067501815
47.879211473944856, -3.698375041922255
47.88499568203449, -3.700576676591666
47.88642622883728, -3.7001298547230155
47.88635873163263, -3.6963894059285365
47.8774566644416, -3.657951395441124
47.87677271397078, -3.6262113210604827
47.871841647071236, -3.6001479089619575
47.86394140005255, -3.5755768076455423
47.862320594819856, -3.5649828625641526
47.86250299194386, -3.5512072552193064
47.858468188341966, -3.528636301575338
47.84940719410224, -3.5129220424320593
47.84610673378898, -3.5039930035360776
47.822939625780386, -3.469376818054244
47.81540836480201, -3.462664518789804
47.79969388563531, -3.456156240069652
47.79243826404826, -3.447506702279122
47.7877897405427, -3.4343941228660024
47.78021060927364, -3.4229007370519757
47.77834827252562, -3.414523351988219
47.77820601406242, -3.402821676152121
47.77676858518435, -3.39562649007201
47.77234712568089, -3.386419041451546
47.771322171633294, -3.3793574541986655
47.77341407131927, -3.371047647849314
47.77763692189177, -3.3583742076539322
47.779682674086345, -3.345079831113288
47.78489205271923, -3.3369098654028684
47.79202409268891, -3.313255659807998
47.79183741615089, -3.3043934779118116
47.78778581973917, -3.2812013050155566
47.78965061713468, -3.2638962004254446
47.78562286333236, -3.2161960334434143
47.78180655971563, -3.2026967174739767
47.772222521783824, -3.1786049436626653
47.76789088340468, -3.163376200316256
47.763522424226366, -3.14302325413893
47.76007693490405, -3.1347863404783647
47.75686405674224, -3.128419184847276
47.75444874994457, -3.1139489150363806
47.75044493069288, -3.1067503358497337
47.73002790137288, -3.089689511474188
47.725089631477246, -3.0804122199265858
47.71828516685528, -3.0624138094530884
47.701423416347644, -3.041719270147213
47.6888950476249, -3.0325088562102573
47.68096956111529, -3.02046426937739
47.66414029091625, -3.0100202805581655
47.64842889104397, -3.036525046611729
47.64241295182645, -3.0422032618822064
47.62728039472677, -3.066909876666471
47.62434084242166, -3.0695407665368575
47.60721458405288, -3.07016348923026
47.59470545076686, -3.0750096705236016
47.59568561697402, -3.0719641711500247
47.59626238240772, -3.068019361640598

# Carnac - Vannes 2025-06-08
47.59626238240772, -3.068019361640598
47.595656510056415, -3.071850690267681
47.594585749437755, -3.0750984474617384
47.60147246980571, -3.0714536839302666
47.60658241641411, -3.0697935652199844
47.608017692477404, -3.0702628221314603
47.62431638855219, -3.0689634876156497
47.627113539309704, -3.0668699892493545
47.64267661103387, -3.041789414375744
47.64821970761562, -3.036773233628211
47.66248825087857, -3.011944108445294
47.6628527169889, -3.0108251630648293
47.66214761483016, -3.009345635156641
47.65971791395569, -3.005809813110377
47.65714027120944, -2.9969323668580423
47.656594525990876, -2.9917869580628578
47.65793048931851, -2.984568613388657
47.659293101543156, -2.980239132148627
47.6605558704906, -2.9686183192605715
47.66213605646246, -2.963746690220408
47.66811501010665, -2.951693734011907
47.669669799701666, -2.947218207406478
47.67214195458987, -2.9355914372961385
47.67192273052159, -2.928193138274121
47.66985641190785, -2.9227803083003163
47.66711122730835, -2.9174389871464728
47.66599278962659, -2.9131445494976567
47.666016350788034, -2.907983624945856
47.663197922645615, -2.8855737712840956
47.66045172681752, -2.866266891796288
47.6610524868684, -2.828499812965982
47.66071087617573, -2.8167344655633637
47.66088222224299, -2.798449589742294
47.662510246367596, -2.790581795442521
47.66727423657242, -2.77899850305891
47.668634916895776, -2.771852840412659
47.667711324497255, -2.770806416551731
47.66734670694816, -2.7699403572445997
47.665718448482245, -2.770445896914538
47.6642601186251, -2.7688583548407304
47.66280169089748, -2.7625432436383104
47.65958622990948, -2.7600936842459767
47.658520605590866, -2.7598513003164307
47.6538196159434, -2.75954510662163
47.65307915111902, -2.7590897293770147

# Vannes - Port Navalo 2025-06-09
47.65311086610791, -2.759071842666712
47.653558895818, -2.759156221880364
47.6538364358724, -2.759494718093455
47.65451756894476, -2.7595829940389485
47.65794218465435, -2.7598599405731004
47.658894591254246, -2.7598046101727505
47.65963542123117, -2.7599695502381585
47.660147003883225, -2.7604843118815
47.66067030972153, -2.760716546343205
47.661208625328364, -2.761336602909339
47.66284973836874, -2.7623029303079307
47.6639283537078, -2.7677304833451877
47.66442391997669, -2.769244360496954
47.66504388280789, -2.769908371175934
47.66581706785554, -2.7702565862717656
47.66775912821052, -2.769837263390608
47.66857415450921, -2.7684809192372413
47.66891986384664, -2.7668501968269426
47.67060151794493, -2.749978191079496
47.670102517788585, -2.7451111233358274
47.66830972818711, -2.734791958764661
47.662443637336246, -2.713230857634892
47.65986345770802, -2.7073202345161973
47.657179127464715, -2.704471240911867
47.65060791388879, -2.7043390181970066
47.64786502007818, -2.702894187736043
47.645625637016, -2.7003156868514973
47.64078867434245, -2.683676898026362
47.639458601179165, -2.6827086866438146
47.63319455318315, -2.6828269397996793
47.62633067519729, -2.6866917960301744
47.61904829216207, -2.685465713602388
47.61080791124473, -2.686301999208568
47.60842222466488, -2.6854577890280726
47.60623709003047, -2.682853207224752
47.60396733729847, -2.681130333802618
47.602388396727854, -2.6806078385006904
47.595894222224075, -2.6818079092919174
47.592783795932384, -2.6834900040971896
47.58257453270326, -2.692390031766942
47.57333862773992, -2.7032880084652238
47.57005880414851, -2.7062649034834543
47.56728314019242, -2.7072282895095965
47.56600937153896, -2.708778716727785
47.547631368933295, -2.7191043812359244
47.54576339349931, -2.720995671733489
47.54420344000276, -2.7235084661521762
47.540205957813285, -2.735946375567799
47.52559908533972, -2.7566421069949505
47.52346049477236, -2.7614900039444255
47.52236486288551, -2.7665170272758064
47.52117953253044, -2.7801305850574116
47.52291945196371, -2.7850517536460475
47.528198313943804, -2.798492432809284
47.529489002131136, -2.806812823954365
47.527854790992244, -2.811499090104568
47.527373748443345, -2.816245334665099
47.52777587628333, -2.8198025280151873
47.52918140513209, -2.822830404241107
47.53150030203345, -2.8365478564737754
47.532784452441895, -2.8513617061186682
47.53975046762078, -2.8763369103948047
47.5458925215875, -2.889748860948899
47.54672962943047, -2.9015816368482383
47.54536193969072, -2.9074825017667507
47.54616588438637, -2.9107101037601066
47.546722094725375, -2.9120913960732047
47.5461951320279, -2.9139328463738017
47.54773491568673, -2.9157374030497833
47.547976694681346, -2.9152179007487353

# Port Navalo - Cairn Petit Mont 2025-06-09
47.547976694681346, -2.9152179007487353
47.54773491568673, -2.9157374030497833
47.5461951320279, -2.9139328463738017
47.546722094725375, -2.9120913960732047
47.54616588438637, -2.9107101037601066
47.54536193969072, -2.9074825017667507
47.546877304532806, -2.9013501258545773
47.5456316661453, -2.8884188724878106
47.54261474590419, -2.8886312001789363
47.54215124879848, -2.8890818318509996
47.54166595751116, -2.890755463707551
47.541296650442064, -2.8936200805408454
47.54061612036021, -2.8946162980631316
47.53988462371111, -2.8953029963284798
47.53896481266628, -2.8976848139825315

# Cairn Petit Mont - Vannes 2025-06-09
47.53896481266628, -2.8976848139825315
47.53984626767969, -2.8953318808281368
47.54087236765385, -2.8943434241434227
47.54097364150903, -2.89454586128022
47.54086487809141, -2.8943158067975276
47.54133566326132, -2.8935103219346394
47.541672150167756, -2.890665300388929
47.54226909863325, -2.888840683842544
47.54272702120776, -2.8886114225543595
47.544662440549565, -2.8883973007905968
47.54508974299548, -2.888499682232778
47.545586136096425, -2.888155232085416
47.53975046762078, -2.8763369103948047
47.532784452441895, -2.8513617061186682
47.53150030203345, -2.8365478564737754
47.52918140513209, -2.822830404241107
47.52777587628333, -2.8198025280151873
47.527373748443345, -2.816245334665099
47.527854790992244, -2.811499090104568
47.529489002131136, -2.806812823954365
47.528198313943804, -2.798492432809284
47.52291945196371, -2.7850517536460475
47.52117953253044, -2.7801305850574116
47.52236486288551, -2.7665170272758064
47.52346049477236, -2.7614900039444255
47.52559908533972, -2.7566421069949505
47.540205957813285, -2.735946375567799
47.54420344000276, -2.7235084661521762
47.54576339349931, -2.720995671733489
47.547631368933295, -2.7191043812359244
47.56600937153896, -2.708778716727785
47.56728314019242, -2.7072282895095965
47.57005880414851, -2.7062649034834543
47.57333862773992, -2.7032880084652238
47.58257453270326, -2.692390031766942
47.592783795932384, -2.6834900040971896
47.595894222224075, -2.6818079092919174
47.602388396727854, -2.6806078385006904
47.60396733729847, -2.681130333802618
47.60623709003047, -2.682853207224752
47.60842222466488, -2.6854577890280726
47.61080791124473, -2.686301999208568
47.61904829216207, -2.685465713602388
47.62633067519729, -2.6866917960301744
47.63319455318315, -2.6828269397996793
47.639458601179165, -2.6827086866438146
47.64078867434245, -2.683676898026362
47.645625637016, -2.7003156868514973
47.64786502007818, -2.702894187736043
47.65060791388879, -2.7043390181970066
47.657179127464715, -2.704471240911867
47.65986345770802, -2.7073202345161973
47.662443637336246, -2.713230857634892
47.66830972818711, -2.734791958764661
47.670102517788585, -2.7451111233358274
47.67060151794493, -2.749978191079496
47.66891986384664, -2.7668501968269426
47.66857415450921, -2.7684809192372413
47.66775912821052, -2.769837263390608
47.66581706785554, -2.7702565862717656
47.66504388280789, -2.769908371175934
47.66442391997669, -2.769244360496954
47.6639283537078, -2.7677304833451877
47.66284973836874, -2.7623029303079307
47.661208625328364, -2.761336602909339
47.66067030972153, -2.760716546343205
47.660147003883225, -2.7604843118815
47.65963542123117, -2.7599695502381585
47.658894591254246, -2.7598046101727505
47.65794218465435, -2.7598599405731004
47.65451756894476, -2.7595829940389485
47.6538364358724, -2.759494718093455
47.653558895818, -2.759156221880364
47.65311086610791, -2.759071842666712

# Vannes - Vouvray 2025-06-10
47.65319509010188, -2.759091787820639
47.65356153533022, -2.7591656650145433
47.65381509061524, -2.759508336545855
47.658556426989996, -2.75984753192106
47.65889838261533, -2.7597955420544418
47.65965038495804, -2.7600026449751827
47.661164733325336, -2.761312971954898
47.66292145683487, -2.7623086032467183
47.66395036319059, -2.7679089828267927
47.66436640545749, -2.7690958946365045
47.66491510150522, -2.7697611508458095
47.665858909144575, -2.7702432959832173
47.667760029345075, -2.7698808432708475
47.66855705880359, -2.7685659679777443
47.66895682054106, -2.766836764727954
47.67048052071498, -2.751555761661847
47.670219942268034, -2.745678428913435
47.66813090882585, -2.7341939708579264
47.66238521478957, -2.7127373201368816
47.65965170959553, -2.7069355627629985
47.65638424483639, -2.7042887691185906
47.65097245471539, -2.7043586095260053
47.64826161013679, -2.703315103349879
47.64556053604907, -2.700192823464639
47.6333216863154, -2.658021162988237
47.630891138379944, -2.642514907969766
47.62961816619571, -2.6385465321158383
47.626803056061206, -2.634565784076102
47.62244872722757, -2.6304091014205917
47.60621556789106, -2.6047092416870536
47.603748079417386, -2.5982504152359716
47.59898887078674, -2.5812272362066278
47.59109398974279, -2.556219720011785
47.58562897707084, -2.5420551873651758
47.57276066332967, -2.519846363816623
47.56773964493671, -2.5159820868780587
47.55397150162209, -2.4943200362271027
47.550002743927436, -2.481232336488931
47.54905178771938, -2.4751177824064396
47.54888573870897, -2.449763802075922
47.54541585908778, -2.4364807730519176
47.53670549170806, -2.409700094831533
47.53621562605445, -2.4022692063570745
47.5381392710224, -2.3741918495364254
47.53812683873699, -2.3588892679122258
47.53600151430764, -2.3411010313060636
47.533092870962776, -2.3324554810474614
47.52984947448982, -2.326496638613277
47.52799760773844, -2.31748542284129
47.52864859249963, -2.3132615870536517
47.5319808067423, -2.299091979931802
47.530877258364825, -2.2897332337063725
47.5274455053396, -2.2850344345011986
47.51412577436318, -2.2768825499532355
47.504110165019476, -2.268280907637598
47.499803669188424, -2.2612592366851674
47.488171789491716, -2.22922603821829
47.48620522763518, -2.217340463355514
47.48536354697015, -2.202507289739077
47.478653968105384, -2.1838994795257887
47.47262886707274, -2.174558349979299
47.471071281879404, -2.1684011732504596
47.46805648901576, -2.1590525623482644
47.44919047880509, -2.1283456648337697
47.44712680898114, -2.122167292770833
47.44707406391353, -2.1140004200139795
47.447730606548525, -2.103138599855629
47.44661910809138, -2.0898071718932125
47.44320880160442, -2.0818408570814224
47.43109508856628, -2.064519016105176
47.42326917211806, -2.0557510729540835
47.4196619922604, -2.0480559092792303
47.41650136374723, -2.0322000131074667
47.41033025367572, -2.0187095853380916
47.405580786767025, -2.0118434069218196
47.3978376522006, -2.0039099525819677
47.394444852669665, -1.999050150961868
47.38456011256446, -1.9764389262783355
47.37822527710041, -1.9573256318571135
47.37534720586706, -1.9373393957807223
47.36832228871853, -1.91093374325778
47.35517475768813, -1.8904425344386537
47.345257901635705, -1.8592209980108534
47.336635946650595, -1.8033574611913237
47.332102156142646, -1.7888005800432987
47.326050418011775, -1.7800368206333832
47.30195959124508, -1.7566694827918756
47.26322783750891, -1.705800231473158
47.254674199195925, -1.6802054879927115
47.253324813756365, -1.6548260101342456
47.25954757577647, -1.6188116546498472
47.263461682986716, -1.60632818082843
47.267567474893774, -1.5773461890669538
47.26772914229406, -1.5625655799178193
47.27571994584946, -1.5482500604170408
47.275454710482634, -1.5240839795683736
47.28041107856953, -1.5130821283602713
47.28562022074441, -1.5082187374726688
47.2909132276088, -1.4960529530920321
47.29115820543563, -1.4652984369299624
47.29754473893306, -1.4384616424925278
47.30828847943689, -1.4178375375902021
47.31309670432357, -1.4126786484712806
47.32604599482562, -1.4042676384198016
47.336497356713835, -1.3904565289322042
47.35112294253286, -1.3497656769564619
47.35790817561006, -1.3264930842423468
47.369322854870866, -1.2964164858532554
47.37147463501112, -1.2784526628078274
47.37666813248339, -1.2666616031523112
47.38262495347018, -1.25874568694867
47.39084685635284, -1.2372751486401392
47.41385346419489, -1.1412730479686406
47.419951306406496, -1.1094586974663083
47.42043855135364, -1.0922660008229998
47.42210949532221, -1.0414633161802742
47.416981976325644, -0.9954434783419133
47.41797420772822, -0.9715666283669586
47.42134294056655, -0.94841727253841
47.42826747333913, -0.923963677049818
47.42651717349187, -0.904101004379581
47.42835866617727, -0.8863388885270603
47.433483767085846, -0.8696651246116315
47.43758062894106, -0.83909253377489
47.435059739692534, -0.8180652420055597
47.433293932492106, -0.8031684287933658
47.435818218011036, -0.7770398736811298
47.446262711287986, -0.7240410280478011
47.45355977331285, -0.7080557167145218
47.487710202811115, -0.6560372478089798
47.49173637257951, -0.6433382533101201
47.49384129752489, -0.6228791496171334
47.494779572557654, -0.6052999532051178
47.49049193117639, -0.5909046217275241
47.490235075888016, -0.5828591763101554
47.49718637463373, -0.5579045248981248
47.497192843161876, -0.553766711035644
47.49409461619604, -0.5479869318464113
47.49073287158337, -0.5418755649539658
47.4914753239485, -0.532160262451377
47.49358872630921, -0.5265844255846484
47.50113190550681, -0.5078730156905085
47.50180269889856, -0.4996089845896868
47.50079220170756, -0.48947497270306567
47.500198174968624, -0.4804104812059385
47.50902810335565, -0.4468743866518506
47.515993522423756, -0.43814779847344887
47.51901810519864, -0.42966960215772054
47.517163280560474, -0.40926313405051806
47.51701651703509, -0.38353514784848297
47.52178243095456, -0.35934572712846385
47.52697717935094, -0.347421225053007
47.5360342731653, -0.3424230975837329
47.54036547440879, -0.3389916626606547
47.53960133867236, -0.33642227155311843
47.53781294094375, -0.3325748445426126
47.535078818348865, -0.3245019892141724
47.5308704531259, -0.3169134433856068
47.51987406787259, -0.30625748563260274
47.49298054364561, -0.27323227046264265
47.48953716332632, -0.26425023205386095
47.4853144482892, -0.23859825861534276
47.48453697900382, -0.221803037929037
47.4811169025104, -0.21179732278001834
47.47373440483811, -0.1947237699598956
47.46839734772476, -0.1879812972080505
47.45115146076733, -0.17719727560296938
47.444563207164656, -0.1768790813858953
47.439575196191306, -0.17344848124049067
47.43399104582909, -0.1668655240147324
47.42792830187953, -0.14944394973608846
47.41596167186123, -0.12823834064394735
47.41084636077815, -0.12365927870355072
47.40164408404816, -0.11892379853666611
47.3906968115934, -0.10538866999543044
47.386708051517516, -0.09457937439242234
47.38200912412505, -0.08817841803075781
47.37761314595344, -0.08608244376214355
47.36490431046787, -0.0834697226219601
47.35914360878376, -0.08111591462112099
47.35170541504337, -0.07564496690763149
47.34320621974579, -0.0660844783165286
47.33886421384702, -0.055733037873563006
47.33345024167619, -0.04012686072376269
47.3299629192248, -0.03690888003715411
47.326215467813796, -0.03498564836619769
47.317847965220146, -0.03554835127222942
47.305361643305055, -0.03388159553335567
47.30000463348017, -0.029926390845173283
47.29661791781991, -0.02598248076075448
47.29084318151225, -0.012209907092146735
47.284417222651804, 0.014629230892446991
47.27876626701084, 0.031915649609127586
47.27441983574078, 0.07208283384403455
47.276140214255825, 0.09120583556985955
47.27543062417987, 0.09900238493407061
47.27281157586388, 0.10724094763762528
47.262649365721785, 0.12790342886817224
47.25669161114751, 0.16329086346889893
47.256997727214625, 0.18229353066124274
47.26644578301595, 0.24230680126536025
47.27726997049386, 0.27359042419341445
47.28124993580984, 0.2791030374759459
47.29771076282637, 0.28920034453214183
47.30454017809937, 0.29763630113394374
47.31280075787004, 0.3107293503665714
47.32209276182779, 0.3345779033026955
47.32680168589912, 0.34253845409914047
47.340908862775834, 0.3549103291147513
47.3460770220965, 0.36643622409960674
47.34685679395043, 0.37288915485025115
47.345549915646046, 0.40522539044789024
47.343208148813055, 0.41763232968643155
47.335653327994564, 0.43527753388881346
47.33220326416835, 0.45570508374162844
47.319711850235706, 0.4985876085548703
47.309101897377374, 0.5123135446556886
47.302720963487126, 0.5293497997928949
47.30155253657466, 0.5449517221703324
47.30750015472251, 0.5822931367331415
47.30820435642043, 0.5986513679858313
47.306449621503184, 0.6382040668124623
47.30650247161503, 0.662221635820502
47.304807086317574, 0.6744439987622456
47.302587795126584, 0.6816670790217144
47.304102157418086, 0.6922594981778138
47.311337533927464, 0.6899416877499662
47.31450478031708, 0.6891257101790288
47.3183356632057, 0.6893140175300879
47.32742487816745, 0.6923710239792829
47.33960246485845, 0.6973750877107835
47.351033399034286, 0.7048292976117789
47.36202397354006, 0.7121868709375071
47.365558905215835, 0.7140418443874249
47.36867614828065, 0.7153539620169271
47.371937751780244, 0.7156163102938172
47.37720186824784, 0.714428124960251
47.380212848038546, 0.7129154624895242
47.39156311420781, 0.7062710466467733
47.39338259912874, 0.7058838915332721
47.39527158305187, 0.7065155214568045
47.40439527095514, 0.7139369482806701
47.406269817233884, 0.7162861220876592
47.406736898331786, 0.7169844347824689
47.4078780559686, 0.7211639826359686
47.40351920710668, 0.7246390262002378
47.404525116344274, 0.7296596749388801
47.40645996786031, 0.7404589350106314
47.40820877669252, 0.754371539944402
47.41028524699574, 0.7724439296195749
47.40993341247425, 0.7973109516706244
47.409311187368374, 0.798691875145719
47.41194530217222, 0.7990834043430144
47.41241366824766, 0.7992321279797068
47.4125032289317, 0.8021393622063845
47.41260452500169, 0.8026402741593739
47.412735375269634, 0.8025600191211416

# Vouvray - Pariisi CDG 2025-06-11
47.41272811826623, 0.8025702308034651
47.412599485137534, 0.8026185532570275
47.41266088739662, 0.8028917887343087
47.41275014421357, 0.8048131798134306
47.4128081383827, 0.8056335506937832
47.41278916084179, 0.8061922896735737
47.41267688531359, 0.8071676189922878
47.41197528534415, 0.8073162081325568
47.4117703153132, 0.8056095001532133
47.41175857804404, 0.8017323341941212
47.41079617936483, 0.8017218412861233
47.41081604218682, 0.800435186820379
47.41104191471767, 0.7976054312229387
47.41000032311756, 0.797278118714492
47.410021116280845, 0.7964963281807353
47.41039505036114, 0.7821889417725515
47.41011304287962, 0.771533284689986
47.407735067918, 0.7503571807129775
47.40681054867505, 0.7446916273388626
47.40627250394353, 0.7392952838900518
47.40507936361043, 0.7334691104679952
47.403676737954, 0.7251757502984445
47.4040432517664, 0.724064654470219
47.40675601489978, 0.7214832804600813
47.40758853383499, 0.7218483354422954
47.40750458743101, 0.7234711839283439
47.40872403471413, 0.7238831133529025
47.41098026631716, 0.7272777284821874
47.41340424068307, 0.729165130622346
47.43352675821955, 0.7362476107775515
47.44492605668963, 0.7389336127297828
47.45567363605197, 0.75467643201121
47.470033399060874, 0.7692725301098983
47.48383625224109, 0.7953437790017415
47.50585046625616, 0.8778545847248023
47.50903610232197, 0.8917518592316213
47.521492528396244, 0.9256615714078211
47.527147730849514, 0.9439557318558811
47.54658741830952, 0.9877732711805887
47.563357574969, 1.0355389380202726
47.569621343780994, 1.0485924524981667
47.58445908467502, 1.0739059801786792
47.59977266860499, 1.105701465042916
47.612201070533104, 1.1459766082623977
47.6170917778158, 1.1762595753744796
47.61619093732361, 1.2070064975135752
47.61894890615497, 1.2372025739709367
47.615983923371964, 1.3014419750523218
47.617882291171604, 1.327124646511734
47.62071425915283, 1.3390672474603558
47.62752034906252, 1.3514028739741002
47.6414469397381, 1.361657276003175
47.65752317492589, 1.381874087138012
47.677194931954595, 1.4017639321979998
47.6925105460811, 1.4338753011899235
47.70963359013463, 1.461444656303187
47.71784845378795, 1.4837162580514593
47.74176669439501, 1.5300459404509648
47.76654575851968, 1.5648693744304045
47.78580344764792, 1.5997050980317045
47.81313368168196, 1.6279070350822202
47.83688856861429, 1.669329428997525
47.85369172594468, 1.6963269108657895
47.867959702329706, 1.7215714692302126
47.88739546360846, 1.7511589306371966
47.896110207138186, 1.7819155677493552
47.89992576883858, 1.8208687986036414
47.89994103226544, 1.8386999296808793
47.906636330919426, 1.8496486048560121
47.956246759644394, 1.8505310221983409
47.97264702891288, 1.8592580867061912
47.989007940315844, 1.858477572038466
48.012033193639965, 1.844862801462497
48.036902253317855, 1.8397772915975368
48.05613382371986, 1.8439229836843005
48.07855742772942, 1.850301196205798
48.11533126564245, 1.8503288122403323
48.141228738327044, 1.8560519813840939
48.16726832244835, 1.853672905933496
48.193068224174894, 1.8524106633478017
48.21653118650548, 1.8465292447554549
48.2389341308969, 1.851485147373208
48.26346012446965, 1.852456263300568
48.285120750101015, 1.8602827909989927
48.32280434122738, 1.863802605504087
48.348983587815454, 1.871454929004771
48.378690068963074, 1.8877481566840815
48.42150287889517, 1.8995805937381085
48.45278817682858, 1.9115877110516724
48.4866086434225, 1.9123841089495373
48.504280243777, 1.9068143528097623
48.52716933401855, 1.907466321450347
48.53670770970835, 1.9033105015649856
48.54741013423202, 1.912122856555979
48.560016898435926, 1.948961942892187
48.56588952231981, 1.9818902110327494
48.58386993962433, 2.022062998005432
48.60234569809019, 2.0693372578310893
48.611502226585635, 2.112310419953714
48.62108278242052, 2.132548618712147
48.63520538648928, 2.147838735585438
48.657650615782444, 2.18178602554797
48.667138990380465, 2.1916685209075766
48.668745659681186, 2.1944365207552234
48.67695642955237, 2.192757915560449
48.68294316481464, 2.189465756775271
48.68770989723648, 2.19058751559581
48.69343043489111, 2.1929982611607364
48.69897905913343, 2.191884364051879
48.70427853116816, 2.193034036147648
48.70681736330913, 2.1914155661882915
48.71126857889382, 2.1862846842901256
48.71460933869362, 2.1756914020147216
48.7172811362535, 2.171440419077473
48.726180660219974, 2.1661776909597408
48.72951897139511, 2.165909165444972
48.732278304605046, 2.1677324080584106
48.733880342495986, 2.169622794703514
48.75009602786861, 2.203485307442967
48.748706430571055, 2.2177060021149515
48.74862143570191, 2.218360455735218
48.748105004727066, 2.2188110314197975
48.74778667453877, 2.2185106049394245
48.749017629053554, 2.2163970869640965
48.75276658754892, 2.2038850095290163
48.7568620576251, 2.192433069996705
48.757823940150296, 2.190866877910575
48.759082905630265, 2.1868755672163442
48.76082979064448, 2.1844616124276293
48.76178449638708, 2.1811785049458154
48.76175627910415, 2.178925480419731
48.76341118345429, 2.174473058060069
48.76392745638159, 2.171458250526585
48.764634658839704, 2.170835992558258
48.764910462730505, 2.1686687459102285
48.76648748956256, 2.170042057630318
48.76731488865532, 2.1712759258035823
48.771416365553726, 2.173992994352081
48.77209641572575, 2.1725971229341474
48.77383640267467, 2.173113157689088
48.77561646732859, 2.170867506750806
48.77679611085603, 2.171201211345709
48.78041586853738, 2.1692286567610517
48.78035586813405, 2.1703212277547737
48.779275912382914, 2.172111766053119
48.77927582269787, 2.174782441508322
48.78169516864274, 2.1738110109356423
48.78163523573435, 2.1718384689349004
48.78147528576386, 2.1703211325492604
48.78221426446593, 2.1632204744677903
48.781814698385034, 2.159942985383488
48.78239472798509, 2.158000953671785
48.78351457707892, 2.1564534674180384
48.78613399538131, 2.156332455831348
48.788872884943814, 2.1583049248538697
48.792099376771354, 2.161511850909248
48.80097517787809, 2.1645769465445337
48.80308388016223, 2.163921313183136
48.80711729432938, 2.162646421602178
48.815789190710404, 2.1578503417484067
48.82543223782498, 2.150296901777919
48.84026134383355, 2.1442741672450505
48.84979681957026, 2.150206192555628
48.85943362093848, 2.1582211739502584
48.861515439327796, 2.159954972137467
48.864772349539244, 2.1603640591352278
48.87004255249739, 2.1586787426437515
48.87167799854842, 2.1572292845559082
48.872864825233364, 2.1572655722457235
48.873956660238065, 2.1579514610350286
48.875404396347115, 2.1603698195679675
48.878022453097564, 2.163597892900261
48.88241966623464, 2.165909765633216
48.88389096905384, 2.1658739002158334
48.886169138172335, 2.165477267499696
48.88996576092295, 2.169664555304737
48.89226647556252, 2.180346485670633
48.89245679675477, 2.1860112043198
48.895470043024666, 2.194130240894132
48.90066516717507, 2.2027212435387793
48.90102074767672, 2.2049592049713813
48.899170745808554, 2.213618082895267
48.893699706502936, 2.231211108084553
48.88715663705231, 2.252908443083384
48.87882646098727, 2.2793594314897545
48.87754491773632, 2.279359020668097
48.87654840445288, 2.2776266033325334
48.87612122269082, 2.2776264834445565
48.87569392541785, 2.2784563145728733
48.87602609533909, 2.279033774790622
48.87602609533909, 2.279033774790622
48.87602609533909, 2.279033774790622
48.87602609533909, 2.279033774790622
48.87602609533909, 2.279033774790622
48.895223965217404, 2.3067501393702177
48.8981414981052, 2.313968894453254
48.90049090400158, 2.322556753230917
48.901036464813025, 2.3533576771596136
48.90087007928977, 2.3563892440540326
48.90039541428212, 2.357832725452022
48.90072738132399, 2.3591321076663774
48.92661806013405, 2.357064502058857
48.928609638162655, 2.358616736786584
48.92891772901421, 2.3602047771207046
48.93346935995308, 2.37824859736677
48.933871837109805, 2.3823631569735277
48.934133887698515, 2.3931153707633626
48.93489208955963, 2.3999002410752284
48.942951446548086, 2.4342191000462163
48.960885355039515, 2.4686050520668905
48.98349061190963, 2.5026200322124774
48.985365601830864, 2.50772474054978
48.992331144574266, 2.513541603249383
48.993636790867946, 2.515890008848373
49.00190818552311, 2.524360118323169
49.00408384808999, 2.52854598684105
49.00552256099197, 2.5339059211542723
49.006711888187695, 2.5565135919944093
49.00621475438502, 2.5575240631334157
49.00410785613053, 2.557993162589205
49.00320826740089, 2.5590757216696858
49.00391780152127, 2.5693604815247277
49.00377552493458, 2.5713813352129473
49.004319170307326, 2.5769751825403513

